     7298986669800000000003                 7400000000000000000061                         
  26899432273332221800000081           750000000053333311140000041                                       
 349653177771313222233140000002       7600000057732333331111315900927                                                           
28623177 777337322223337776000005   7600000617777323333311113333259857                                                           
764171777 7243566653233377771500000560000053317771260000041113333331463                                                          
3552111777348609800000005777711138000000922233130000000000000813333332565                                                         
4531111771990002350000000081711117190041322236000000009229000003233333560                                                         
423111111983         750000002111777777132300000001         3900233332620                                                         
22111113502             760000911777777132600003              40933332620                                                         
55111112607                40087177777713290001  7           7 0033332620                                                    
633111135941            760000911777 771324000002             60933332420                                            
 45311117149892       39000000311177323713222600000091      10000952253269                                      
3231111777249869800000000081711114000083322233400000000000000006993352562                                              
725111177771356980000009277771160000000005223317750000000000015446260041                                              
15552177777777333222233377730000067 5000009331777715433331111126213003                                               
 12963377777773332222333760000097     4000000477773523333111131240008                                                  
75989437777733322235000000047         2000000002322333311114000041                                                             
    726996666698000000000408             7520000000000000000000002                                                               
      346666699600000900905             3000 76000000000000009                                                                  
                                                                                                                                                                                                                                                                                                                                                                                          
